"Fire" "Transect" "Treated" "Diameter" "ScorchHt" "CharHt" "Steepness"
1 "1" 1 0.084 -0.68 1.14 1.395
1 "1" 1 -0.133 -0.729 1.304 1.395
1 "1" 1 -0.498 -0.567 0.707 1.395
1 "1" 1 -0.133 -1.154 0.632 1.395
1 "1" 1 -0.573 -0.592 1.549 0.807
1 "1" 1 -0.35 -0.243 0.837 0.807
1 "1" 1 -1.149 -0.892 1 0.807
1 "1" 1 -0.281 -0.63 1.265 0.807
1 "1" 1 -0.573 -0.155 1.183 0.071
1 "1" 1 -0.715 -0.28 1.673 0.071
1 "1" 1 -0.715 0.394 1.483 0.071
1 "1" 1 0.084 0.206 1.643 0.071
1 "1" 1 -0.424 0.019 2.324 1.248
1 "1" 1 -0.35 -0.28 2.074 1.248
1 "1" 1 -0.35 0.269 1.949 1.248
1 "1" 1 -0.858 -0.13 1.673 1.248
1 "1" 1 -1.006 -0.605 1.449 1.69
1 "1" 1 0.01 0.993 1.643 1.69
1 "1" 1 -0.789 0.194 2.121 1.69
1 "1" 1 -0.133 0.706 1.414 1.69
1 "2" 0 -1.366 -0.106 2.757 1.248
1 "2" 0 -1.366 -0.393 2.846 1.248
1 "2" 0 0.153 1.142 3.194 1.248
1 "2" 0 0.153 0.93 2.608 1.248
1 "2" 0 -0.133 1.093 2.811 1.69
1 "2" 0 -1.149 -0.255 1.673 1.69
1 "2" 0 1.1 0.281 2.074 1.69
1 "2" 0 -0.133 0.905 2.49 1.69
1 "2" 0 0.227 1.055 2.702 1.837
1 "2" 0 -0.498 0.843 2.121 1.837
1 "2" 0 -0.641 1.03 2.236 1.837
1 "2" 0 0.735 1.28 2.588 1.837
1 "2" 0 -0.932 0.531 1.342 0.071
1 "2" 0 0.301 1.417 1.975 0.071
1 "2" 0 0.301 0.456 2.53 0.071
1 "2" 0 -1.366 -0.655 1.265 0.071
1 "2" 0 0.735 0.768 4.231 1.542
1 "2" 0 0.878 1.43 3.873 1.542
1 "2" 0 -1.149 0.843 2.449 1.542
1 "2" 0 0.878 1.405 3.24 1.542
1 "3" 0 -1.109 0.019 1.183 -1.032
1 "3" 0 -1.817 1.38 4.123 -1.032
1 "3" 0 -1.235 -0.417 2.51 -1.032
1 "3" 0 -1.486 0.793 3.017 -1.032
1 "3" 0 -0.966 -0.106 2.702 0.365
1 "3" 0 -0.789 -0.18 2.966 0.365
1 "3" 0 -0.601 0.244 2.846 0.365
1 "3" 0 0.661 0.993 3.937 0.365
1 "3" 0 0.518 1.766 4.087 1.837
1 "3" 0 -0.498 0.743 3.768 1.837
1 "3" 0 0.792 2.078 3.742 1.837
1 "3" 0 -0.555 -0.63 2.588 1.837
1 "3" 0 0.038 1.816 3.391 1.837
1 "3" 0 -0.133 0.269 3.162 1.837
1 "3" 0 -0.253 1.417 3.493 1.837
1 "3" 0 0.124 1.255 3.391 1.837
1 "3" 0 -0.236 0.818 2.915 2.425
1 "3" 0 0.529 1.392 3.507 2.425
1 "3" 0 -0.31 0.044 3.162 2.425
1 "3" 0 -0.007 0.568 2.811 2.425
1 "4" 1 0.084 -0.592 2.236 1.395
1 "4" 1 -0.367 -0.742 1.581 1.395
1 "4" 1 -0.104 -0.68 1.304 1.395
1 "4" 1 -1.486 -0.343 1.732 1.395
1 "4" 1 0.141 -0.655 1.095 0.512
1 "4" 1 -0.687 -0.904 0.548 0.512
1 "4" 1 0.027 -0.53 1 0.512
1 "4" 1 -0.236 -0.28 1.581 0.512
1 "4" 1 0.181 -0.48 1.732 -0.37
1 "4" 1 -0.224 -0.106 2.236 -0.37
1 "4" 1 -0.007 -0.48 1.483 -0.37
1 "4" 1 -0.413 -0.667 1.643 -0.37
1 "4" 1 0.592 -1.054 0.224 -1.032
1 "4" 1 -0.63 -1.041 0.447 -1.032
1 "4" 1 -0.281 -0.293 2.55 -1.032
1 "4" 1 -0.732 -0.368 1.871 -1.032
1 "4" 1 -0.658 -1.466 0.447 -0.885
1 "4" 1 -0.321 -1.029 1.225 -0.885
1 "4" 1 -1.412 -1.466 0 -0.885
1 "4" 1 -0.076 -1.466 0.316 -0.885
1 "5" 0 -1.298 -0.505 1.844 0.512
1 "5" 0 1.46 1.28 2.966 0.512
1 "5" 0 1.317 0.668 3.162 0.512
1 "5" 0 1.894 1.305 3.661 0.512
1 "5" 0 1.603 1.879 3.847 1.984
1 "5" 0 0.592 2.203 3.521 1.984
1 "5" 0 1.751 2.653 3.821 1.984
1 "5" 0 1.751 2.877 3.479 1.984
1 "5" 0 1.911 2.291 4.359 0.807
1 "5" 0 1.763 2.927 3.391 0.807
1 "5" 0 1.62 3.127 3.578 0.807
1 "5" 0 0.866 2.89 3 0.807
1 "5" 0 1.357 2.378 4.243 1.395
1 "5" 0 0.501 2.44 3.162 1.395
1 "5" 0 0.632 2.353 3.033 1.395
1 "5" 0 -0.744 0.855 2.55 1.395
1 "5" 0 1.997 2.116 2.915 2.867
1 "5" 0 0.255 1.342 3.464 2.867
1 "5" 0 0.444 1.342 2.828 2.867
1 "5" 0 1.477 0.806 2.828 2.867
1 "6" 1 0.763 2.054 2.345 1.69
1 "6" 1 1.129 2.366 3.464 1.69
1 "6" 1 0.621 2.428 2.739 1.69
1 "6" 1 0.546 1.929 2.55 1.69
1 "6" 1 1.14 2.103 2.345 0.807
1 "6" 1 1.534 1.255 3.017 0.807
1 "6" 1 1.055 2.191 3.873 0.807
1 "6" 1 1.723 2.241 2.049 0.807
1 "6" 1 0.98 -0.779 0.894 0.807
1 "6" 1 0.312 -1.466 0.894 0.807
1 "6" 1 0.706 1.167 1.265 0.807
1 "6" 1 1.477 -1.466 0.224 0.807
1 "6" 1 1.648 0.494 2.449 0.218
1 "6" 1 0.621 -0.343 1.414 0.218
1 "6" 1 1.574 -0.243 1.581 0.218
1 "6" 1 1.197 0.444 1.732 0.218
1 "6" 1 1.591 -0.467 1.581 0.218
1 "6" 1 1.911 1.167 0.224 0.218
1 "6" 1 0.866 2.103 1 0.218
1 "6" 1 0.678 -0.343 1.14 0.218
