ID	Year	Gender	Habitat	Body_mass	Season_BM	RMR	Season_RMR
101	2002	m	s	100	2	NA	NA
101	2002	m	s	112	2	NA	NA
102	2002	f	s	40	2	NA	NA
103	2002	m	s	89	2	NA	NA
104	2002	m	s	98	2	NA	NA
105	2002	m	s	79.5	2	NA	NA
106	2002	m	m	69	NA	NA	NA
107	2002	m	m	122	NA	NA	NA
108	2002	m	m	78	2	NA	NA
108	2002	m	m	84	2	NA	NA
109	2002	f	f	36	NA	NA	NA
110	2002	f	m	49	2	NA	NA
111	2002	f	m	44	2	NA	NA
112	2003	f	s	46	1	NA	NA
113	2003	m	s	114	1	NA	NA
114	2003	m	s	108	1	NA	NA
115	2003	m	s	126	1	NA	NA
115	2003	m	s	131	1	NA	NA
116	2003	f	s	32	1	NA	NA
117	2003	f	s	42	1	NA	NA
117	2003	f	s	42	1	NA	NA
118	2003	m	s	80	1	NA	NA
118	2003	m	s	81	1	NA	NA
119	2003	f	s	39	1	NA	NA
120	2003	f	f	40	1	NA	NA
121	2003	m	s	85	1	NA	NA
122	2003	f	f	45	1	NA	NA
123	2003	f	s	41	1	NA	NA
124	2003	m	s	100	1	NA	NA
125	2003	m	m	68	2	NA	NA
125	2003	m	m	68	2	NA	NA
126	2003	m	f	63	2	NA	NA
127	2003	m	m	94	2	NA	NA
128	2003	m	s	80	2	NA	NA
129	2003	m	m	58	2	NA	NA
130	2003	f	s	44	2	NA	NA
131	2003	m	s	108	2	NA	NA
132	2003	m	m	66	2	NA	NA
133	2003	f	m	34	2	NA	NA
134	2003	f	m	36	2	NA	NA
135	2003	f	s	56	2	NA	NA
136	2003	m	s	90.2	2	201.75	1
137	2004	f	s	43.5	1	128.733	1
137	2004	f	s	38.6	1	138.33	1
137	2004	f	s	37	1	NA	NA
138	2005	m	s	129.3	1	204.612	2
138	2005	m	s	135.3	1	220.97	2
138	2004	m	s	101.2	1	NA	NA
138	2004	m	s	103.7	1	NA	NA
140	2004	m	s	94.5	1	207.27	1
140	2004	m	s	96	1	209.874	1
140	2004	m	s	98.5	1	NA	NA
141	2004	f	s	42	1	133.27	1
141	2004	f	s	40.8	1	140.945	1
142	2004	m	s	99.7	1	219.784	1
142	2004	m	s	109.4	1	242.89	1
143	2004	m	s	85.9	1	188.87	1
143	2004	m	s	83.1	1	192.53	1
144	2004	m	m	96.3	1	210.894	1
144	2004	m	m	103.3	1	NA	NA
144	2004	m	m	106.6	1	NA	NA
145	2004	m	s	134.9	1	NA	NA
146	2004	m	s	97.5	1	NA	NA
147	2004	m	s	115.6	1	240.992	1
147	2004	m	s	103.7	1	NA	NA
147	2004	m	s	112.2	1	NA	NA
148	2004	m	m	100.2	1	213.941	1
148	2004	m	m	97.7	1	NA	NA
149	2005	m	m	96.2	1	181.28	1
149	2004	m	m	97.4	1	NA	NA
149	2004	m	m	99.1	1	NA	NA
149	2004	m	m	100.5	1	NA	NA
150	2005	m	m	95.3	1	197.08	2
150	2005	m	s	103.9	1	202.709	2
150	2005	m	m	105.7	1	212.25	1
150	2004	m	s	97.8	1	230.63	1
150	2004	m	m	88.4	1	NA	NA
150	2004	m	s	93.4	1	NA	NA
150	2004	m	f	97	1	NA	NA
150	2004	m	m	99.3	1	NA	NA
151	2004	m	m	122.7	2	223.26	1
152	2004	m	f	69.1	2	158.107	1
152	2004	m	f	63.1	NA	NA	NA
152	2004	m	f	66	NA	NA	NA
153	2004	m	m	91.6	2	184.857	2
153	2004	m	m	91.6	2	201.34	2
153	2004	m	s	98.1	2	213.31	1
153	2004	m	s	99.2	2	214.53	1
153	2004	m	m	89.6	2	NA	NA
153	2004	m	m	95	2	NA	NA
153	2004	m	m	96	2	NA	NA
153	2004	m	m	96.6	2	NA	NA
154	2004	m	m	82.9	2	NA	NA
155	2004	m	m	99.8	2	NA	NA
156	2004	m	s	113.8	2	181.597	2
156	2004	m	s	122.5	2	196.29	2
156	2004	m	s	123.4	2	218.06	1
156	2004	m	s	116.7	1	NA	NA
156	2004	m	s	120.2	1	NA	NA
157	2004	f	f	32.3	NA	NA	NA
158	2004	f	f	44.4	NA	NA	NA
158	2004	f	f	47.8	NA	NA	NA
159	2004	f	s	39.7	NA	NA	NA
160	2004	m	s	107.3	2	216.15	2
160	2004	m	s	110.1	2	256.77	1
160	2004	m	s	115.3	2	261.37	2
160	2004	m	s	115.2	2	266.38	1
160	2004	m	s	101.3	2	NA	NA
160	2004	m	s	106.1	2	NA	NA
160	2004	m	s	118.4	2	NA	NA
160	2004	m	s	120.6	2	NA	NA
161	2004	m	s	93.8	2	170.22	2
161	2004	m	s	104.3	2	204.71	2
161	2004	m	s	75	2	NA	NA
161	2004	m	s	81	2	NA	NA
162	2005	m	m	81.2	2	NA	NA
162	2004	m	m	82.5	2	NA	NA
163	2004	f	s	54.1	2	NA	NA
164	2004	f	m	39.4	2	NA	NA
165	2004	m	m	86.5	2	NA	NA
165	2004	m	m	93.2	2	NA	NA
166	2004	m	s	147.9	NA	NA	NA
167	2004	m	s	103.1	2	243.649	2
167	2004	m	s	91.6	2	NA	NA
167	2004	m	s	96.5	2	NA	NA
168	2004	m	s	77.7	2	182.22	2
168	2004	m	s	71.4	2	195.143	2
168	2004	m	s	64.8	2	NA	NA
168	2004	m	s	70.2	2	NA	NA
169	2004	m	s	124.1	NA	216.91	2
169	2004	m	s	127.1	NA	233.53	2
169	2004	m	m	111.7	NA	NA	NA
169	2004	m	m	114.8	NA	NA	NA
169	2004	m	s	120.9	NA	NA	2
170	2004	m	m	83	2	NA	NA
171	2004	m	m	102.5	2	208.83	2
172	2004	m	s	135.4	NA	212.33	2
172	2004	m	s	133.8	NA	237.19	2
172	2004	m	s	132	NA	245.15	1
172	2004	m	s	123.8	NA	NA	NA
172	2004	m	s	128.3	NA	NA	NA
172	2004	m	s	128.6	NA	NA	NA
172	2004	m	s	136.7	NA	NA	NA
173	2004	m	s	83.8	2	188.795	2
173	2004	m	s	85.8	2	200.18	2
174	2004	f	m	47.9	2	NA	NA
175	2004	f	m	46.3	2	NA	NA
176	2004	m	m	95.8	NA	NA	NA
176	2004	m	m	99.7	NA	NA	NA
177	2004	m	s	113.2	NA	NA	NA
177	2004	m	s	113.7	NA	NA	NA
178	2004	m	s	118.6	NA	NA	NA
179	2004	m	m	100	2	NA	NA
180	2004	m	m	94.2	2	223.348	1
180	2004	m	m	94.8	2	NA	NA
181	2004	m	m	79.8	2	170.056	1
181	2004	m	m	77.6	2	NA	NA
181	2004	m	m	78.3	2	NA	NA
182	2004	m	m	89.5	1	192.887	1
182	2004	m	m	94.4	NA	225.9	1
182	2004	m	m	93.6	NA	NA	NA
182	2004	m	m	96.5	NA	NA	NA
183	2004	m	m	87.2	2	170.633	1
184	2005	m	s	98.4	1	217.66	1
184	2005	m	s	104.2	1	NA	NA
185	2005	m	s	118.7	1	239.024	1
185	2005	m	s	118.2	1	NA	NA
186	2005	m	s	68.4	1	154.927	1
186	2005	m	s	67.3	1	NA	NA
187	2005	m	s	117.6	1	236.181	1
187	2005	m	s	124.8	1	NA	NA
188	2005	m	s	104.9	1	216.163	1
188	2005	m	s	106	1	NA	NA
189	2005	m	s	111.1	1	NA	NA
190	2005	f	m	42.6	1	NA	NA
190	2005	f	m	43	1	NA	NA
191	2005	m	f	106.2	1	238.387	1
191	2005	m	f	118.6	1	NA	NA
192	2005	f	f	39.6	1	119.618	1
192	2005	f	f	39.8	1	NA	NA
193	2005	m	f	101.7	1	178.14	1
193	2005	m	f	102.6	1	210.69	1
193	2005	m	f	97.5	1	NA	NA
194	2005	m	f	101.5	1	NA	NA
195	2005	m	f	60.1	1	152.873	1
195	2005	m	f	59.6	1	168.13	1
195	2005	m	f	61	1	NA	NA
196	2005	m	m	90	1	178.444	2
196	2005	m	m	93.6	1	178.44	1
196	2005	m	m	86.5	1	183.56	2
196	2005	m	m	92.1	1	193.69	2
196	2005	m	m	97.2	1	206.4	1
196	2005	m	m	102	1	210.47	1
196	2005	m	m	101.2	1	219.39	1
196	2005	m	m	81.7	1	NA	NA
196	2005	m	m	81.9	1	NA	NA
196	2005	m	m	90.8	1	NA	NA
196	2005	m	m	94.4	1	NA	NA
197	2005	m	s	121.3	1	NA	NA
198	2005	m	m	103.2	1	180.51	2
198	2005	m	m	107.7	1	208.14	1
198	2005	m	m	96.6	1	211.89	2
198	2005	m	m	114.1	1	213.42	1
198	2005	m	m	107.8	1	226.32	1
198	2005	m	m	111	1	231.8	1
198	2005	m	m	95.6	1	NA	NA
198	2005	m	m	113.2	1	NA	NA
199	2005	m	m	98.3	1	199.404	1
199	2005	m	m	101.5	1	231.21	1
200	2005	m	s	89.9	1	NA	NA
201	2005	m	m	87.1	1	224.765	1
201	2005	m	m	80.7	1	NA	NA
201	2005	m	m	97.2	1	NA	NA
202	2005	m	m	88.3	1	219.867	1
202	2005	m	m	84.7	1	NA	NA
202	2005	m	m	87.5	1	NA	NA
203	2005	m	s	101.5	1	NA	NA
204	2005	m	m	77.9	2	177.758	1
204	2005	m	m	84.5	2	NA	NA
205	2005	m	m	115.5	2	214.625	1
205	2005	m	m	123.7	2	228.74	1
205	2005	m	m	108.7	2	NA	NA
206	2005	m	m	94.7	2	225.696	1
206	2005	m	m	80.9	2	NA	NA
206	2005	m	m	82.7	2	NA	NA
207	2005	f	m	46.8	2	NA	NA
208	2005	f	m	50.1	2	NA	NA
209	2005	f	m	49	2	NA	NA
210	2005	m	m	81.7	2	206.488	1
210	2005	m	m	86.1	2	NA	NA
211	2005	m	m	77	2	190.317	1
211	2005	m	m	72.1	2	NA	NA
212	2005	f	f	46.9	NA	NA	NA
213	2005	m	m	93.5	2	241.271	1
213	2005	m	m	98.6	2	NA	NA
214	2005	m	m	73.2	2	195.434	2
214	2005	m	m	79.1	2	206.93	2
214	2005	m	m	87.5	2	211.01	1
214	2005	m	m	90.5	2	215.84	1
214	2005	m	m	88.4	2	227.03	1
214	2005	m	m	86	2	228.53	1
214	2005	m	m	68.9	2	NA	NA
214	2005	m	m	69.2	2	NA	NA
214	2005	m	m	77.4	2	NA	NA
214	2005	m	m	78.2	2	NA	NA
216	2005	m	m	106	2	237.33	1
216	2005	m	m	100.1	2	NA	NA
217	2005	m	m	90.5	2	188.76	1
217	2005	m	m	95.4	2	197.13	1
217	2005	m	m	92.7	2	200.01	1
217	2005	m	m	90.9	2	227.923	1
217	2005	m	m	85.8	2	NA	NA
218	2005	m	m	109.7	2	211.35	2
218	2005	m	m	104	2	211.54	2
218	2005	m	m	136.9	2	213.58	1
218	2005	m	m	92.2	2	NA	NA
219	2005	m	s	96.6	2	185.984	2
219	2005	m	s	88.9	2	NA	NA
220	2005	m	s	114.6	2	208.073	2
220	2005	m	s	115.7	2	212.47	2
220	2005	m	s	113.8	2	231.08	2
220	2005	m	s	131.3	2	245.12	1
220	2005	m	s	108	2	NA	NA
220	2005	m	s	111.1	2	NA	NA
221	2005	m	s	94.8	2	203.418	2
221	2005	m	s	100.5	2	208.53	2
221	2005	m	s	92.3	2	NA	NA
222	2005	m	m	77.8	2	176.098	2
222	2005	m	m	70.7	2	NA	NA
222	2005	m	m	78.8	2	NA	NA
223	2005	m	m	111.4	2	188.765	1
223	2005	m	m	101.9	2	202.13	1
223	2005	m	m	107.9	2	224.33	1
223	2005	m	m	79.4	2	NA	NA
223	2005	m	m	94.9	2	NA	NA
224	2005	m	m	100.8	2	169.476	1
224	2005	m	m	100	2	NA	NA
225	2005	f	m	45.5	2	148.73	1
225	2005	f	m	45.3	2	NA	NA
226	2005	f	s	41.9	2	114.57	1
226	2005	f	s	44.1	2	126.06	1
226	2005	f	s	46	2	NA	NA
227	2005	f	m	44.9	2	NA	NA
228	2005	f	m	36.9	2	98.129	1
228	2005	f	m	40.2	2	NA	NA
